mem ..s-A 11ῥο1001 A‘Affl 1111011 11111111,
5000 8000010110 Avo..

²'PAAROAAA31AE

κ’ CURSUS COMPLETUS,

811111118110111818118108888118,1111110811,1081108888(10111101118Ἒ801ἰο11108Μ

01111188811118111,181188111818881181818,1

81811 188180808,18111116818008081,

' 00111100100000110011 00111011 00101111 0111010111 111110 111111 1101101110
00 00101111 1101010111 1111. 11011 1110 0110010 0101111111οε

81011810 cAAOAOAOGch

0111811181 00188 188111181808011181081111 01110110001111110118 11110018110181181118
1011118108 SAECULA AT ARPlAUS.

11101011010100100001011011110110010001100010110111000110111111111011001100111010,10100111111011
0110110101τ1ς 1110010111001111, 001101011111111111001111001011110001011110011 11.1110011101; 0111111110
0111111100 101011111001110 01101110001001111001011011111 0001111 10101001 110011010 10000111,
11001; 1111111111 111010111111100 1111101010, 011001000110101101, 0110 11000101 11101110 1111111101
1011100110101, 1010101; 0111011110111111 11001 1110111 11001111001010,10010101010111001101-
11101 1101101111 11111οι1111 0010111101 1110110101011010111000110υο 1110011111 1101111011-
01110,11011101; 01111101 011 111111, 00110001111110, 111011 10101100011010111
0111111 11 1111110111 000101110110111 1011111100, 111110101τ1ς
1111110ιο00 1111111010011100111 1111011001110010111010 01 01011011, 111011001010, 01110101011010, 1110 A·
001010, 0110110101, 1111101010, 1111011011, 1110001001 11110101111111000110011101ου11, 1111110, 11001-
01001, 0111011001, 1110111111,1110011001,100010011111 111101110001101010; 111 1110110111
110100 111101100 11110110110100111111110,1111100011100011881181, 000101111110, 00110111
1101 0010101110 011101011011, 111101 011111 11000010010110101,101100111011 011000,

111 000111100 011111 1011111110, 010 1101101001011011101·, 1100110 8081111181οΞ
880881, 11 010 11000110011011100110 011101 0011111 11111111 0011011110
0101011 11011111 10010 01101100 0110110101 111101010011110010101100, 1
1111110 11100001 10010110011101101 1100111101,00110111110111.
01101010011101101111,00001110018 0111111 010111 11001111111, 11 111101111001 011110011111 1110111111,
1111111001111011,1110011011011110,0111000100011110010111010111100100101100111110011
0111 11110101, 001111 1011111111 10110111 011110110111010 11 10001101010010 110010100100111011
1111110110011 011011010,11101110110011001 00111οτ10 011, 1001101101 00 0111010100101,
11101100101 011010100101 010101101111001 1110101111 1110 11110 0111011111,

1111011 110011 11 1000111111001001,010101110000 Ass. 11 01110
101011, 10001, 1110111101111010 1010111101111, 0011111001111.

818118 1181188 PRIOR,

111 8118 1808111118 181888,000108188081110888008111188188188188
A ’1881011880 1111101111111 111:

ACCUAAAA‘vAJ ·.P AAGAA.

BRARAAheeoe 01001 nivem.
slAA CURSUU! commonun 1A SINGULOS SCIERTIAE 00010111110811108 AAAAAAAA.

1111010011,11 11000111 1101110 00010110, 111 1010111011111111111 1111 1101110 1101111,1111011000·.111111
110111,1111 11111000 0011111, 01101101111111101101110111010011011 0011001011101011110110 11010111
1010.101111000101100001111000101110,1101110001111101001111 001111011111011 10111001101
1111101 1110101001101111101010. 111101 0110011 001001 11111 0111 1111010111 110111 1100111111 11111·
0010111101110101 10 00111011 10101111 11111111, 011 0110 110101101; 10100110110011101101111101111
0110111 01111100. 111001ῃ1888100111οι10 AA 001100101101 11101111 1001110011.011101011101111001101
111 110111111180001111101111100110.11110101010 10101111 0110011101110110000,11110101101011111
11011011 0111010 011101010111111010 011101000101101010110,1118111 11111110 1011011010 0101011101·
10011, 00111001111011 11000111, 0110 0110011 0110 111011 A. 8 811111111111 1110 11111011 01101001 00 An

1110 1111111 111000 1101101101 0010011011, 00111100 11111100 011ος 000110 110111 01100000 0011111110 111111· Ι
011110111110101110111110010100011111111101 1101110110.1101·.101.,,,1100111110111011010110111111
001 1100101011 0100011011111, 101011101111 01100 110110 1810111,“ 111 0101011 10111101 1111011111 VR·
1111 010 0111010 010110110.1110001110101101111101110 1101010010· 101111 0101010 1111111010.

*-

PATROLOGIAE LATINAE 101108 18881.

*-

11108018 MOZARABICA.

ψ

AACUDABARJA UT VUNAT APUDJ. —P 81Ιῦ111, 1181808810,
18 818 11011 A· 8111101811, 01181 180181081811 1111111118 188181οΙ10118111110οἘ8888

1011111111,10108010101011000111111· 11110 18188 111111101118111
1808

 

